%square, quadratic solution problem, 5 elems in z
%order 1
%non conform 11 21 41 81 161
%a
0.00399701
2.66199
28.9201
875.149
16.1743

%b
0.0144528
0.0075822
0.0039417
0.002176
0.00148387

%conform
%a
0.00468481
0.00274809
0.00259732
14.8029
0.936887

%b
0.0188656
0.00948623
0.00478486
0.00250714
0.00150553

%order 2
%non conform 11 21 41 81 161
%a
2.3635
15.7989
1700.22
3.75612
199.307

%b
0.00269404
0.00120213
0.00100462
0.000388622
0.000570359

%conform
%a
234.607
42.8645
416.901
14.3947
4.1056

%b
0.0033014
0.00163093
0.000864744
0.000510517
0.000386072


%order 3
%non conform 11 21 41 81 161
%a
18.1028
3040.94

%b
0.00332173
0.00419544

%conform
%a
30.9962
2.80711

%b
0.00269039
0.0013795

%fix, just conform 4 8 16 32 64 128
%order 1
%a
0.00973671
0.0050337
0.00274713
0.00206598
0.00221782
0.00260187

%b
0.0378993
0.0187633
0.00928061
0.0045923
0.00228726
0.0011649

%order 2
%a
0.00663894
0.00417494
0.00329334
0.00365934
0.00416944
0.00500882

%b
0.00270116
0.00112211
0.000475185
0.000211212
0.000108842
8.39139e-05

%order 3
%a
0.0111508
0.00965864
0.00461017
0.00393168
0.00511126

%b
0.000922148
0.000380837
0.000153301
6.43911e-05
3.64393e-05